Properties                              Value
--------------------------------------------------
Absolute Permeability (um2)             1.1405379
Formation Factor (ratio)                14.7386634
Cementation Factor (ratio)              1.9042206
pore density (1/um3)                    1.7e-06
Tortuosity (ratio)                      1.2443834
Average Coorination Number              4.478728
Average Throat Radius (um)              15.0556575
Average Pore Radius (um)                26.9941965
Average Throat Length (um)              85.5445165
Pore to Throat Aspect ratio             3.4341114
Specific Surface (1/um)                 0.0254289
Pore Sphericity (ratio)                 0.7200877
Grain Sphericity (ratio)                0.8562742
Average Grain Radius (ratio)            9.4280584
Relative Young Module (ratio)           0.3019229

--------------------------------------------------
# Leveret J Function (ratio)--------------------------------------------------
Wetting-sat (Sw)                        Value
0.0                                     0.884530716036213
0.01                                    0.8536043862775996
0.02                                    0.7665318047570812
0.03                                    0.7337314518926505
0.04                                    0.672707380536957
0.05                                    0.6576436477602814
0.06                                    0.6599766495227194
0.07                                    0.6788420894586332
0.08                                    0.6717755805405407
0.09                                    0.6187535335938897
0.1                                     0.594884802142584
0.11                                    0.5466533099888997
0.12                                    0.5494803081219279
0.13                                    0.559743753482787
0.14                                    0.5525235940695024
0.15                                    0.5420286701111355
0.16                                    0.5697162723335969
0.17                                    0.5554847445715407
0.18                                    0.4514519169184307
0.19                                    0.47023522140880836
0.2                                     0.43994118333060317
0.21                                    0.4891631671421457
0.22                                    0.4482887816117774
0.23                                    0.48147225785946923
0.24                                    0.5142173715131308
0.25                                    0.5046304749622601
0.26                                    0.4897641894836008
0.27                                    0.4401789421002875
0.28                                    0.43151874907103005
0.29                                    0.4625697287391821
0.3                                     0.4166759073764649
0.31                                    0.46803038776754735
0.32                                    0.43166572482825444
0.33                                    0.5015156082040644
0.34                                    0.4277000755827699
0.35000000000000003                     0.41058456781133895
0.36                                    0.4280599524648327
0.37                                    0.40505061818725707
0.38                                    0.4038877670396067
0.39                                    0.43154143660402444
0.4                                     0.4293892117349243
0.41000000000000003                     0.44422745016192533
0.42                                    0.4560329572762668
0.43                                    0.3879817349401536
0.44                                    0.4484051456397006
0.45                                    0.395100425184133
0.46                                    0.4564686236707237
0.47000000000000003                     0.4497486092782756
0.48                                    0.4189529794379993
0.49                                    0.3947038536834881
0.5                                     0.4025441061181362
0.51                                    0.395946900328201
0.52                                    0.41956222190010445
0.53                                    0.44675447965218895
0.54                                    0.4042245289424014
0.55                                    0.38826240273963164
0.56                                    0.4026932519872121
0.5700000000000001                      0.39983518179812655
0.58                                    0.40441924716036165
0.59                                    0.3860011133097455
0.6                                     0.39952275145245625
0.61                                    0.4764258271509053
0.62                                    0.3547016229540987
0.63                                    0.3953153648988927
0.64                                    0.38940878076549906
0.65                                    0.43821673354013585
0.66                                    0.3918788612598985
0.67                                    0.3824141157018887
0.68                                    0.3809461665561882
0.6900000000000001                      0.3758443651149251
0.7000000000000001                      0.3780530457726503
0.71                                    0.35468995038277557
0.72                                    0.3505334956967601
0.73                                    0.33270793390357073
0.74                                    0.4004287731505138
0.75                                    0.3693397178835104
0.76                                    0.3282554891131854
0.77                                    0.3589791435770492
0.78                                    0.4165429387048284
0.79                                    0.3667830301979411
0.8                                     0.422815383968118
0.81                                    0.38073714532829667
0.8200000000000001                      0.3769874222120498
0.8300000000000001                      0.35339478817314074
0.84                                    0.34510644052161266
0.85                                    0.34076266572622205
0.86                                    0.3912345682033411
0.87                                    0.3456588326293015
0.88                                    0.35375986017145433
0.89                                    0.3603623925995708
0.9                                     0.3360577645904299
0.91                                    0.32814734520591227
0.92                                    0.3258395956541117
0.93                                    0.29458807792257896
0.9400000000000001                      0.2580955756669352
0.9500000000000001                      0.24288164484574043
0.96                                    0.27623974933652373
0.97                                    0.23143285808713224
0.98                                    0.19525992124188296
0.99                                    0.10443324350093164

--------------------------------------------------
# Wetting Relative Permeability (fraction)--------------------------------------------------
Wetting-sat (Sw)                        Value
0.0                                     0.0001682192087173462
0.01                                    0.0001755995053827064
0.02                                    0.00017199551984958816
0.03                                    0.0001571109769429313
0.04                                    0.0001380702760798158
0.05                                    0.00016793608665466309
0.06                                    0.0002019352796196472
0.07                                    0.00014482985170616303
0.08                                    0.0001732856035232544
0.09                                    0.0002077743411064148
0.1                                     0.0001963004469871521
0.11                                    0.00020086356744286604
0.12                                    0.0002545863389968872
0.13                                    0.0003326535224914551
0.14                                    0.00014205608567863237
0.15                                    0.0002237260341644287
0.16                                    0.00022594099937123246
0.17                                    0.0002433285117149353
0.18                                    0.0002964586019515991
0.19                                    0.00031131505966186523
0.2                                     0.00041349977254867554
0.21                                    0.0003144368529319763
0.22                                    0.0004832521080970764
0.23                                    0.00037708133459091187
0.24                                    0.0006853267550468445
0.25                                    0.000787489116191864
0.26                                    0.000947803258895874
0.27                                    0.0014778897166252136
0.28                                    0.0019421353936195374
0.29                                    0.0021750032901763916
0.3                                     0.0027569904923439026
0.31                                    0.004013359546661377
0.32                                    0.005285508930683136
0.33                                    0.006575480103492737
0.34                                    0.008507557213306427
0.35000000000000003                     0.007113397121429443
0.36                                    0.009898938238620758
0.37                                    0.011647410690784454
0.38                                    0.011702299118041992
0.39                                    0.01553674042224884
0.4                                     0.017471514642238617
0.41000000000000003                     0.020265720784664154
0.42                                    0.025421731173992157
0.43                                    0.024181149899959564
0.44                                    0.031372398138046265
0.45                                    0.03579019755125046
0.46                                    0.03645426034927368
0.47000000000000003                     0.039429835975170135
0.48                                    0.047329045832157135
0.49                                    0.056155674159526825
0.5                                     0.050856515765190125
0.51                                    0.04851634055376053
0.52                                    0.06325508654117584
0.53                                    0.07193667441606522
0.54                                    0.07203170657157898
0.55                                    0.06842384487390518
0.56                                    0.0808938518166542
0.5700000000000001                      0.07503245770931244
0.58                                    0.0914786234498024
0.59                                    0.08770181238651276
0.6                                     0.10587231069803238
0.61                                    0.1022220030426979
0.62                                    0.10926470160484314
0.63                                    0.12699469178915024
0.64                                    0.1240650936961174
0.65                                    0.13477280735969543
0.66                                    0.1514168456196785
0.67                                    0.14849011600017548
0.68                                    0.16583970934152603
0.6900000000000001                      0.17708465456962585
0.7000000000000001                      0.20286542922258377
0.71                                    0.20257949829101562
0.72                                    0.20118439197540283
0.73                                    0.2237318456172943
0.74                                    0.21705535799264908
0.75                                    0.2446989044547081
0.76                                    0.2320081815123558
0.77                                    0.2297758385539055
0.78                                    0.23186790943145752
0.79                                    0.23036690801382065
0.8                                     0.2728598490357399
0.81                                    0.2901429980993271
0.8200000000000001                      0.2931329980492592
0.8300000000000001                      0.3323759287595749
0.84                                    0.354405976831913
0.85                                    0.3779987022280693
0.86                                    0.4332388713955879
0.87                                    0.421784445643425
0.88                                    0.4604586586356163
0.89                                    0.5152873173356056
0.9                                     0.5352114513516426
0.91                                    0.503217987716198
0.92                                    0.606798842549324
0.93                                    0.6618480086326599
0.9400000000000001                      0.6871141791343689
0.9500000000000001                      0.7270264327526093
0.96                                    0.7698202431201935
0.97                                    0.8352503776550293
0.98                                    0.8439260423183441
0.99                                    0.9997825026512146

--------------------------------------------------
# Non-Wetting Relative Permeability (fraction)--------------------------------------------------
Wetting-sat (Sw)                        Value
0.0                                     0.9998357445001602
0.01                                    0.9973688125610352
0.02                                    0.9940597116947174
0.03                                    0.990735799074173
0.04                                    0.988708570599556
0.05                                    0.9802979379892349
0.06                                    0.9717964977025986
0.07                                    0.9669139683246613
0.08                                    0.9594689756631851
0.09                                    0.9474408328533173
0.1                                     0.9304770529270172
0.11                                    0.921080619096756
0.12                                    0.9111356437206268
0.13                                    0.9076057374477386
0.14                                    0.8944483548402786
0.15                                    0.8713754266500473
0.16                                    0.8582463711500168
0.17                                    0.8543788641691208
0.18                                    0.82697494328022
0.19                                    0.8044447600841522
0.2                                     0.8042997717857361
0.21                                    0.7763020396232605
0.22                                    0.7883610129356384
0.23                                    0.7494638115167618
0.24                                    0.7586376518011093
0.25                                    0.769649550318718
0.26                                    0.7247464507818222
0.27                                    0.7176268994808197
0.28                                    0.6983079314231873
0.29                                    0.6574744880199432
0.3                                     0.6611303836107254
0.31                                    0.6340215057134628
0.32                                    0.6143755465745926
0.33                                    0.6458825469017029
0.34                                    0.6219130307435989
0.35000000000000003                     0.6077752113342285
0.36                                    0.5855592042207718
0.37                                    0.61054627597332
0.38                                    0.5994550883769989
0.39                                    0.5543142706155777
0.4                                     0.5572328567504883
0.41000000000000003                     0.5724750757217407
0.42                                    0.5364974141120911
0.43                                    0.5136488899588585
0.44                                    0.5241571441292763
0.45                                    0.47949307411909103
0.46                                    0.52156613022089
0.47000000000000003                     0.46870388835668564
0.48                                    0.45859482139348984
0.49                                    0.4404197707772255
0.5                                     0.4310482293367386
0.51                                    0.4687550812959671
0.52                                    0.42161619663238525
0.53                                    0.3996352106332779
0.54                                    0.44565925002098083
0.55                                    0.4484618231654167
0.56                                    0.402507983148098
0.5700000000000001                      0.411890484392643
0.58                                    0.4268636703491211
0.59                                    0.39662912487983704
0.6                                     0.40993789583444595
0.61                                    0.3780229762196541
0.62                                    0.3848349526524544
0.63                                    0.3860824927687645
0.64                                    0.33702146261930466
0.65                                    0.3508121892809868
0.66                                    0.3420192524790764
0.67                                    0.3331695944070816
0.68                                    0.35023633390665054
0.6900000000000001                      0.3334221690893173
0.7000000000000001                      0.28322383016347885
0.71                                    0.31317003816366196
0.72                                    0.3023777976632118
0.73                                    0.3147379085421562
0.74                                    0.3414847105741501
0.75                                    0.30301710963249207
0.76                                    0.3049347922205925
0.77                                    0.27086231112480164
0.78                                    0.28645654022693634
0.79                                    0.3113129884004593
0.8                                     0.2872558757662773
0.81                                    0.25466854870319366
0.8200000000000001                      0.2507522776722908
0.8300000000000001                      0.19793856889009476
0.84                                    0.17353840172290802
0.85                                    0.17417898029088974
0.86                                    0.14075517654418945
0.87                                    0.12363431602716446
0.88                                    0.11850989609956741
0.89                                    0.10301554948091507
0.9                                     0.0742737352848053
0.91                                    0.0685650184750557
0.92                                    0.054940856993198395
0.93                                    0.04361433535814285
0.9400000000000001                      0.027473628520965576
0.9500000000000001                      0.014192633330821991
0.96                                    0.005605787038803101
0.97                                    0.0035733431577682495
0.98                                    0.0028934627771377563
0.99                                    0.00018014013767242432

--------------------------------------------------
# Two-point Correlation Function (1/um)--------------------------------------------------
Wetting-sat (Sw)                        Value
0.0                                     0.23084023898880135
0.01                                    0.22251566632646935
0.02                                    0.22580950203424321
0.03                                    0.2037895671787593
0.04                                    0.18724007361064454
0.05                                    0.176870134953925
0.06                                    0.18353816196527895
0.07                                    0.16831019172541684
0.08                                    0.15659154338363046
0.09                                    0.14144590635941245
0.1                                     0.13639628905135925
0.11                                    0.13182913661172302
0.12                                    0.1339799621419444
0.13                                    0.12615099453317447
0.14                                    0.12261630501242604
0.15                                    0.11427244295044447
0.16                                    0.10837048501444779
0.17                                    0.10658493770019817
0.18                                    0.10304053586869033
0.19                                    0.10125899450231746
0.2                                     0.0945993208219369
0.21                                    0.09298010654851407
0.22                                    0.09542901854787322
0.23                                    0.09285351859560875
0.24                                    0.09192828661904207
0.25                                    0.0871112610677518
0.26                                    0.08488995789927345
0.27                                    0.08461424726895106
0.28                                    0.07599766974105115
0.29                                    0.07199716454453808
0.3                                     0.0726413649102271
0.31                                    0.07886147624075934
0.32                                    0.07675405355002285
0.33                                    0.0713599686716766
0.34                                    0.07802744803446005
0.35000000000000003                     0.06865354352505038
0.36                                    0.07422375826865113
0.37                                    0.06703808165849945
0.38                                    0.07104433378445596
0.39                                    0.06907020267079322
0.4                                     0.06726625842123113
0.41000000000000003                     0.06926003727249697
0.42                                    0.06729526351218684
0.43                                    0.06625068471381357
0.44                                    0.07063352974565196
0.45                                    0.06665697234218437
0.46                                    0.07212330626527486
0.47000000000000003                     0.059704543314861525
0.48                                    0.07112668728338045
0.49                                    0.06749308634581697
0.5                                     0.06909426202188085
0.51                                    0.06436360605903202
0.52                                    0.06701568215585696
0.53                                    0.06982729301403179
0.54                                    0.06287197361925356
0.55                                    0.054847275735280254
0.56                                    0.06987026990462852
0.5700000000000001                      0.06542270092507008
0.58                                    0.05852574666961008
0.59                                    0.06181719571139155
0.6                                     0.05875595852147408
0.61                                    0.06696340200065531
0.62                                    0.06902254710352018
0.63                                    0.053435840005611634
0.64                                    0.06622410685541102
0.65                                    0.06374842768703237
0.66                                    0.06250511668795822
0.67                                    0.06003586393891602
0.68                                    0.06816453053761462
0.6900000000000001                      0.0617041874147064
0.7000000000000001                      0.0600765657215625
0.71                                    0.0651274304513596
0.72                                    0.06171979539896544
0.73                                    0.0629053362349461
0.74                                    0.06313023048680155
0.75                                    0.061153171819669394
0.76                                    0.05972140210141119
0.77                                    0.06138211596650911
0.78                                    0.06427682404388935
0.79                                    0.0628000660097292
0.8                                     0.05599086060577707
0.81                                    0.061717598043590005
0.8200000000000001                      0.056404166249162335
0.8300000000000001                      0.06136834023857851
0.84                                    0.061857677758500484
0.85                                    0.06370221899376038
0.86                                    0.06084784083888617
0.87                                    0.0620833529166509
0.88                                    0.058557679314035216
0.89                                    0.05916328059714471
0.9                                     0.06495495157657505
0.91                                    0.05937455800676594
0.92                                    0.0640155922952177
0.93                                    0.06686219519260961
0.9400000000000001                      0.06529897291469955
0.9500000000000001                      0.056668078771392016
0.96                                    0.06065572098759198
0.97                                    0.05775215249722865
0.98                                    0.0601223450853996
0.99                                    0.05832477316642626

--------------------------------------------------
# Pore Radius Distribution (um)--------------------------------------------------
Wetting-sat (Sw)                        Value
0.0                                     2.308815397885077
0.01                                    2.355009502310679
0.02                                    2.7457437927241592
0.03                                    2.7137670356521397
0.04                                    2.7180354351179936
0.05                                    2.893573265734778
0.06                                    2.9895409448702015
0.07                                    2.9635521825573363
0.08                                    3.2699308354715484
0.09                                    3.1648102957323783
0.1                                     3.120382936165109
0.11                                    3.370620095429297
0.12                                    3.2112697625859745
0.13                                    3.389457320824432
0.14                                    3.3341372427371265
0.15                                    3.3094145046952637
0.16                                    3.600224059503013
0.17                                    3.5849865670150862
0.18                                    3.576784491028528
0.19                                    3.673954289239372
0.2                                     4.011518677597369
0.21                                    3.7170532780033643
0.22                                    4.161326873676055
0.23                                    4.116265138142891
0.24                                    3.982929285556997
0.25                                    4.002133576160899
0.26                                    4.060623585748544
0.27                                    4.018584877699048
0.28                                    4.326359313604559
0.29                                    4.354172101652285
0.3                                     4.491058978917048
0.31                                    4.327166701197516
0.32                                    4.21924602282756
0.33                                    4.2052227290556825
0.34                                    4.569141386272005
0.35000000000000003                     4.525469588742739
0.36                                    4.8675724149845045
0.37                                    4.434926057915211
0.38                                    4.875823588865229
0.39                                    4.750732285841005
0.4                                     4.962744786167599
0.41000000000000003                     5.076119227448281
0.42                                    5.38624607594968
0.43                                    4.765933929072874
0.44                                    4.928137395099416
0.45                                    4.957389608711033
0.46                                    5.70750255979376
0.47000000000000003                     4.923484785128419
0.48                                    5.33975738415908
0.49                                    5.137116346965021
0.5                                     5.439474817544998
0.51                                    5.336693831429434
0.52                                    5.500320357055145
0.53                                    5.2840881654910365
0.54                                    5.596178150427434
0.55                                    5.4617925381043655
0.56                                    6.023841460904675
0.5700000000000001                      5.856647544635374
0.58                                    5.623118476689141
0.59                                    6.198668930719355
0.6                                     5.970828594177359
0.61                                    5.991157070691338
0.62                                    5.94972273433908
0.63                                    6.717929428419566
0.64                                    6.018686182017214
0.65                                    6.3993039682374775
0.66                                    6.216452110053222
0.67                                    6.508954762878055
0.68                                    6.805508381637434
0.6900000000000001                      6.961685275987977
0.7000000000000001                      6.920595014560709
0.71                                    6.761718125696847
0.72                                    6.509666682343466
0.73                                    7.351868968588306
0.74                                    6.586456568151204
0.75                                    7.464572405315382
0.76                                    7.068972747389518
0.77                                    7.290172788578436
0.78                                    7.461377535202132
0.79                                    8.357218491491995
0.8                                     7.4058540515532805
0.81                                    7.433629821347468
0.8200000000000001                      8.043168487447213
0.8300000000000001                      8.244616367879866
0.84                                    8.577220699929587
0.85                                    8.854582107725692
0.86                                    8.744558792554773
0.87                                    8.095082886209015
0.88                                    8.21126603876867
0.89                                    9.153259794906504
0.9                                     8.637132600118921
0.91                                    9.546610301680559
0.92                                    9.896221988403152
0.93                                    9.73949332724198
0.9400000000000001                      9.9696997146838
0.9500000000000001                      10.537037961415962
0.96                                    11.456935716849827
0.97                                    12.703149377221866
0.98                                    12.78456693438769
0.99                                    20.981637663401713

--------------------------------------------------
# Throat Radius Distribution (um)--------------------------------------------------
Wetting-sat (Sw)                        Value
0.0                                     0.3963291814356721
0.01                                    0.5099242008448934
0.02                                    0.6250045292759406
0.03                                    0.6330963985215132
0.04                                    0.7677743185605372
0.05                                    0.8209662995554997
0.06                                    0.9500080612650365
0.07                                    0.9765370949748671
0.08                                    0.8552462887258936
0.09                                    1.0729086595776653
0.1                                     1.1783387231069067
0.11                                    1.236908465814226
0.12                                    1.089993014015378
0.13                                    1.0610271304564056
0.14                                    1.2109565807528764
0.15                                    1.2828521387826783
0.16                                    1.409317007221016
0.17                                    1.334222140710868
0.18                                    1.7302932298909324
0.19                                    1.59917345013086
0.2                                     1.4917224232785882
0.21                                    1.6169311446584669
0.22                                    1.902708844197826
0.23                                    1.6970439980290184
0.24                                    1.7161394137296155
0.25                                    1.6693715121357184
0.26                                    2.106668649914912
0.27                                    1.9892750116232052
0.28                                    2.2669235913097774
0.29                                    2.078083288381531
0.3                                     2.0513920494959836
0.31                                    2.128683758778413
0.32                                    2.03823786988269
0.33                                    1.931483759453992
0.34                                    2.492228938013859
0.35000000000000003                     2.0196498168828807
0.36                                    2.036753032387537
0.37                                    2.4831086690931743
0.38                                    2.291371306282357
0.39                                    2.3460490678258195
0.4                                     2.331997572952673
0.41000000000000003                     2.505625953864054
0.42                                    2.6872184202924636
0.43                                    2.634200432640058
0.44                                    2.480387017133181
0.45                                    2.718305230829269
0.46                                    2.6287227072728987
0.47000000000000003                     2.620388944843772
0.48                                    3.145375426584849
0.49                                    3.0280478020274457
0.5                                     3.2640605764355346
0.51                                    2.7650542713562225
0.52                                    2.999066829614919
0.53                                    3.2061231509975063
0.54                                    3.080805506956027
0.55                                    3.3973885156080543
0.56                                    3.125859880618078
0.5700000000000001                      3.3008773791098713
0.58                                    3.2695830968366852
0.59                                    3.6426054906847263
0.6                                     3.297598854148362
0.61                                    3.837115901862959
0.62                                    3.668612072840214
0.63                                    3.7217922656683364
0.64                                    3.9774323378648377
0.65                                    3.834539951645107
0.66                                    4.414090085474636
0.67                                    4.270130162865885
0.68                                    3.939714919243933
0.6900000000000001                      3.7246218972365828
0.7000000000000001                      4.4318581535890615
0.71                                    4.036557538993653
0.72                                    4.707927118919089
0.73                                    4.77018231410723
0.74                                    4.816674372597076
0.75                                    4.2326725554421305
0.76                                    4.5237091919721
0.77                                    4.6292807135034195
0.78                                    4.957056350806583
0.79                                    4.9296828128243435
0.8                                     5.194192773277851
0.81                                    5.649969041395252
0.8200000000000001                      5.329915596425563
0.8300000000000001                      5.9899199689373255
0.84                                    5.836126829077414
0.85                                    5.843386453744089
0.86                                    5.7447892832419205
0.87                                    5.835042317728144
0.88                                    6.054288546676522
0.89                                    6.292727797346933
0.9                                     6.516647327157317
0.91                                    6.28643763152117
0.92                                    5.903219887936645
0.93                                    6.643893515293803
0.9400000000000001                      8.235008878934439
0.9500000000000001                      8.041038837324146
0.96                                    8.839430630216109
0.97                                    9.59996496106511
0.98                                    11.780643327449075
0.99                                    19.346371322456953

--------------------------------------------------
# Throat Lenght Distribution (um)--------------------------------------------------
Wetting-sat (Sw)                        Value
0.0                                     6.646797799509997
0.01                                    7.366036716413049
0.02                                    8.190126122507351
0.03                                    8.386080294699823
0.04                                    8.722576194315849
0.05                                    8.784376414871673
0.06                                    8.914213021293548
0.07                                    9.565158525194306
0.08                                    9.28534007026198
0.09                                    10.29183227773882
0.1                                     10.609330673952996
0.11                                    11.15792607707084
0.12                                    11.30910067362828
0.13                                    10.806406526781515
0.14                                    11.334596107303994
0.15                                    10.737458109141699
0.16                                    11.4954346872928
0.17                                    11.289679134674472
0.18                                    11.492336148175696
0.19                                    12.773890031879091
0.2                                     13.00852382693401
0.21                                    13.02582992595542
0.22                                    13.39795428759075
0.23                                    12.672637922595243
0.24                                    13.679846726465755
0.25                                    13.785232590152773
0.26                                    13.608689296802467
0.27                                    13.644823521896313
0.28                                    12.592961879273616
0.29                                    14.40088127995196
0.3                                     12.750804967891185
0.31                                    13.278600124282931
0.32                                    14.435764718613214
0.33                                    14.868933617334676
0.34                                    13.182389063348623
0.35000000000000003                     15.303020470114149
0.36                                    14.190751528190106
0.37                                    13.637048747139175
0.38                                    13.455250018749652
0.39                                    16.02328986447587
0.4                                     13.94756003240083
0.41000000000000003                     15.473006610348136
0.42                                    15.413488838140424
0.43                                    16.41139373346168
0.44                                    16.489879397650014
0.45                                    17.1668616320065
0.46                                    15.808265937013758
0.47000000000000003                     16.398946276435055
0.48                                    16.545361725373027
0.49                                    16.739335485713895
0.5                                     16.95112821489181
0.51                                    17.905516165579115
0.52                                    17.882297257967267
0.53                                    17.637587288497514
0.54                                    16.8588317838436
0.55                                    20.195491736966446
0.56                                    18.36063186525655
0.5700000000000001                      20.002242864217195
0.58                                    20.745099850690224
0.59                                    19.162046029432716
0.6                                     18.908107956652046
0.61                                    20.67326846507983
0.62                                    19.54996867652062
0.63                                    20.390172618046194
0.64                                    18.857031808407484
0.65                                    21.371930997601254
0.66                                    18.56064872444125
0.67                                    22.024817826277598
0.68                                    21.14632987047716
0.6900000000000001                      21.25114245704924
0.7000000000000001                      20.916335592899955
0.71                                    23.317108811317595
0.72                                    22.1530056687656
0.73                                    21.033946235725978
0.74                                    19.85953002738934
0.75                                    21.735898004917203
0.76                                    23.60816539283367
0.77                                    24.748455030435593
0.78                                    23.120931961237503
0.79                                    22.36201137097771
0.8                                     24.906128741723748
0.81                                    24.139299533082877
0.8200000000000001                      23.730839588689363
0.8300000000000001                      24.583327532196392
0.84                                    24.46783825158701
0.85                                    26.615590166825143
0.86                                    25.264897167929234
0.87                                    26.892581323258796
0.88                                    28.942546849953388
0.89                                    28.76507612689028
0.9                                     25.111404589318212
0.91                                    27.355653019591273
0.92                                    27.516659792452643
0.93                                    32.75719436450875
0.9400000000000001                      32.426978455106365
0.9500000000000001                      32.28884946628432
0.96                                    37.272242009783085
0.97                                    35.23477368730278
0.98                                    40.78605406707665
0.99                                    61.195390945912266

--------------------------------------------------
# Pore Inscribed Radius Distribution (um)--------------------------------------------------
Wetting-sat (Sw)                        Value
0.0                                     1.796721576753657
0.01                                    1.8638675157994644
0.02                                    1.889667890922329
0.03                                    1.955723936928254
0.04                                    1.9996299175155006
0.05                                    2.027869378970621
0.06                                    2.1349950490586025
0.07                                    2.1236953819059288
0.08                                    2.2294649255397054
0.09                                    2.299995287533468
0.1                                     2.240971547573044
0.11                                    2.3511107164510054
0.12                                    2.4267463121592554
0.13                                    2.351165488429473
0.14                                    2.3764021974954517
0.15                                    2.397804521410623
0.16                                    2.679036791380808
0.17                                    2.4928668365702116
0.18                                    2.508149951853066
0.19                                    2.4940506739529082
0.2                                     2.621842019511484
0.21                                    2.5957605046763597
0.22                                    2.667675765745927
0.23                                    2.5244761613334417
0.24                                    2.635922924532789
0.25                                    2.816369900909728
0.26                                    2.7717841238049212
0.27                                    2.877530441346563
0.28                                    2.9092375236916146
0.29                                    2.9098951340913146
0.3                                     2.880133843614221
0.31                                    2.9669814019779785
0.32                                    3.1332958212779696
0.33                                    3.0499529762199407
0.34                                    3.0933999814939543
0.35000000000000003                     3.0534757157464307
0.36                                    3.0883855721994573
0.37                                    3.0535551004493993
0.38                                    3.0310770964761
0.39                                    3.257323499936417
0.4                                     3.3180229851114698
0.41000000000000003                     3.320331034685114
0.42                                    3.1036236219304083
0.43                                    3.552544810533642
0.44                                    3.520353793492765
0.45                                    3.3997292573192173
0.46                                    3.5220666311231907
0.47000000000000003                     3.1711054726669428
0.48                                    3.441447478690593
0.49                                    3.5707010280793927
0.5                                     3.687285957511926
0.51                                    3.498305645553007
0.52                                    3.521727252851548
0.53                                    3.5437175088900146
0.54                                    3.724813775872456
0.55                                    3.8656689316116832
0.56                                    3.774603237589755
0.5700000000000001                      3.9248396546029314
0.58                                    3.8355578631202
0.59                                    3.753694554796973
0.6                                     4.1345743865038855
0.61                                    4.080203838106547
0.62                                    4.151323518855971
0.63                                    3.9380951667082185
0.64                                    4.3320034494704425
0.65                                    3.9244690771030477
0.66                                    4.3762890206679534
0.67                                    3.9649608221464643
0.68                                    4.292619277029578
0.6900000000000001                      4.501854821278678
0.7000000000000001                      4.272660090749595
0.71                                    4.680456536634214
0.72                                    4.498559489460255
0.73                                    4.4402276790505955
0.74                                    4.627338810579793
0.75                                    4.788472424701335
0.76                                    5.220060015410104
0.77                                    4.498585142159031
0.78                                    5.02736560865815
0.79                                    5.060650678636009
0.8                                     5.138403661967541
0.81                                    5.2987611086220685
0.8200000000000001                      5.652391534383372
0.8300000000000001                      5.219111212213489
0.84                                    4.936630279797484
0.85                                    5.557254341076005
0.86                                    5.648671893060873
0.87                                    5.400178359916239
0.88                                    5.602245014831761
0.89                                    5.510775117475067
0.9                                     6.110744596341924
0.91                                    6.4155378301634585
0.92                                    6.65503211925105
0.93                                    6.64766355485673
0.9400000000000001                      6.64774987272153
0.9500000000000001                      6.399499000240992
0.96                                    7.494225840552167
0.97                                    7.517022076653525
0.98                                    8.699310937655174
0.99                                    16.135712160596793

--------------------------------------------------
# Throat Inscribed Radius Distribution (um)--------------------------------------------------
Wetting-sat (Sw)                        Value
0.0                                     1.0055338783604735
0.01                                    1.009357443804788
0.02                                    1.0099167634429023
0.03                                    1.0251818568056592
0.04                                    1.041547536287311
0.05                                    1.0600461142481095
0.06                                    1.0954650959795345
0.07                                    1.0825823629063507
0.08                                    1.109551154048802
0.09                                    1.1172414708336476
0.1                                     1.135424282660722
0.11                                    1.1507504285191885
0.12                                    1.173970399481533
0.13                                    1.1760314135705698
0.14                                    1.2144636313805677
0.15                                    1.2209571879538146
0.16                                    1.230170534739159
0.17                                    1.2676121265703841
0.18                                    1.2602214921972745
0.19                                    1.320306338673845
0.2                                     1.3373176647095875
0.21                                    1.3973962746408972
0.22                                    1.3965044486686224
0.23                                    1.4372084101496228
0.24                                    1.446475259928519
0.25                                    1.4961138930934794
0.26                                    1.4962494558930928
0.27                                    1.509944581046284
0.28                                    1.5103348574839117
0.29                                    1.5240913633720368
0.3                                     1.5560205056712846
0.31                                    1.6901295337604552
0.32                                    1.7068306737292858
0.33                                    1.6454085806531396
0.34                                    1.7170756763964334
0.35000000000000003                     1.7521621517936978
0.36                                    1.7295083934931768
0.37                                    1.8590499727769725
0.38                                    1.870253762218141
0.39                                    1.7167651620902973
0.4                                     1.8860302522922723
0.41000000000000003                     1.8080635893572605
0.42                                    1.8715601543306377
0.43                                    1.9187914810249822
0.44                                    1.8008886081544802
0.45                                    1.9421841058192797
0.46                                    1.8287134471937634
0.47000000000000003                     2.016978993130408
0.48                                    1.8634037378473636
0.49                                    2.055875669442713
0.5                                     2.078926268965347
0.51                                    2.102033325634551
0.52                                    2.174706474600157
0.53                                    2.124698900547145
0.54                                    2.080269095631735
0.55                                    2.108854793192819
0.56                                    2.2516457487632806
0.5700000000000001                      2.2509209965561467
0.58                                    2.229794863605264
0.59                                    2.347220148404489
0.6                                     2.4246383235957865
0.61                                    2.438795609576715
0.62                                    2.4350723920560995
0.63                                    2.6999384692764465
0.64                                    2.6133446948105927
0.65                                    2.6363027308719893
0.66                                    2.6903709523681414
0.67                                    2.7183362777954017
0.68                                    2.458320591591729
0.6900000000000001                      2.77035300414002
0.7000000000000001                      2.8673312829433257
0.71                                    2.7614488587039148
0.72                                    2.777397674370775
0.73                                    2.809780771517154
0.74                                    3.017060559235887
0.75                                    2.6793778925089384
0.76                                    3.009422432487696
0.77                                    3.1366975199280773
0.78                                    3.538326111126395
0.79                                    3.1814512969578175
0.8                                     3.3262970300720553
0.81                                    3.2140546426236654
0.8200000000000001                      3.235911764326943
0.8300000000000001                      3.7042070549263997
0.84                                    3.4853929408676834
0.85                                    3.816480625101093
0.86                                    3.668377774164668
0.87                                    3.4098818355692515
0.88                                    3.7828626919931025
0.89                                    3.874560258156748
0.9                                     4.162174954813423
0.91                                    3.8724834885849475
0.92                                    4.201374924168931
0.93                                    4.515036059747928
0.9400000000000001                      5.060120947424252
0.9500000000000001                      4.436964688500382
0.96                                    5.319644931270005
0.97                                    6.352107625086518
0.98                                    6.573514172538324
0.99                                    12.4977266817626

--------------------------------------------------
# Throat Average Distance (um)--------------------------------------------------
Wetting-sat (Sw)                        Value
0.0                                     1.0075098354124634
0.01                                    1.0047358149859513
0.02                                    1.0055054449738328
0.03                                    1.0077018747137458
0.04                                    1.012280722233129
0.05                                    1.0215714594246492
0.06                                    1.0293765194346065
0.07                                    1.034943748332978
0.08                                    1.0443023203025632
0.09                                    1.0727227037632474
0.1                                     1.0642908886207465
0.11                                    1.0632473317708673
0.12                                    1.084642038604784
0.13                                    1.0837095492612434
0.14                                    1.0775712184109238
0.15                                    1.0786606353924526
0.16                                    1.0913352292770924
0.17                                    1.0996519163807648
0.18                                    1.0855456265111911
0.19                                    1.0908964529133414
0.2                                     1.1039147589305003
0.21                                    1.1053973309989829
0.22                                    1.124732870150865
0.23                                    1.1385694928921453
0.24                                    1.1185295707807086
0.25                                    1.1361522817864511
0.26                                    1.163904827079989
0.27                                    1.1576824193216453
0.28                                    1.15630565995275
0.29                                    1.1701955473261023
0.3                                     1.1715044719169327
0.31                                    1.2352106438591477
0.32                                    1.2225671011053123
0.33                                    1.1560338431307855
0.34                                    1.2201145394814716
0.35000000000000003                     1.2402576468891198
0.36                                    1.2334378631450704
0.37                                    1.2002045544097086
0.38                                    1.2255370223393243
0.39                                    1.2827781099932167
0.4                                     1.2656197328204257
0.41000000000000003                     1.2648821490363957
0.42                                    1.301462291962764
0.43                                    1.2774373154948648
0.44                                    1.2930589005476918
0.45                                    1.2974583680729666
0.46                                    1.3133331392692753
0.47000000000000003                     1.3297104610749102
0.48                                    1.3534051012820214
0.49                                    1.3718845846431122
0.5                                     1.3298910353432802
0.51                                    1.3392376645702484
0.52                                    1.368784248659722
0.53                                    1.334558498012882
0.54                                    1.350013601233627
0.55                                    1.3970720676773567
0.56                                    1.4169956674757032
0.5700000000000001                      1.391450857582356
0.58                                    1.356551058542209
0.59                                    1.3635277699242465
0.6                                     1.404577603702478
0.61                                    1.471249636346215
0.62                                    1.4810945167951672
0.63                                    1.524976691412462
0.64                                    1.5585893016533419
0.65                                    1.5381005712743558
0.66                                    1.5991817283893397
0.67                                    1.586327276800887
0.68                                    1.5475147964245366
0.6900000000000001                      1.5205717302255835
0.7000000000000001                      1.553808382928878
0.71                                    1.5201694986542407
0.72                                    1.659825064559982
0.73                                    1.6727547554269222
0.74                                    1.6162813472684547
0.75                                    1.6198964154586406
0.76                                    1.6623060499112512
0.77                                    1.6526895147011373
0.78                                    1.6275686721706961
0.79                                    1.6685941427539888
0.8                                     1.7428944828169506
0.81                                    1.6681018629033133
0.8200000000000001                      1.864381315524497
0.8300000000000001                      1.8230935823133336
0.84                                    1.8750354362131816
0.85                                    1.9703970417361916
0.86                                    1.9707741935480385
0.87                                    1.9667917665949517
0.88                                    2.0102566617852062
0.89                                    1.970248235163183
0.9                                     2.060423107567601
0.91                                    2.1576198349211495
0.92                                    2.103862206433803
0.93                                    2.3541675215415125
0.9400000000000001                      2.321584614569076
0.9500000000000001                      2.2500499748413745
0.96                                    2.5538083784996957
0.97                                    2.646498392499268
0.98                                    2.8804010671869946
0.99                                    5.667370710483567

--------------------------------------------------
# Throat Permeability Distribution (um2)--------------------------------------------------
Wetting-sat (Sw)                        Value
0.0                                     0.27853489807036963
0.01                                    0.261257638550919
0.02                                    0.2869289516164207
0.03                                    0.34969504121284956
0.04                                    0.25676520147230286
0.05                                    0.2991414889127116
0.06                                    0.33626758975535254
0.07                                    0.36625734787118047
0.08                                    0.3091116108883281
0.09                                    0.41881164393430803
0.1                                     0.4243217136559104
0.11                                    0.3540816986611154
0.12                                    0.5606076711583776
0.13                                    0.4652460178988793
0.14                                    0.6556376503181289
0.15                                    0.41820179155735393
0.16                                    0.4149813430404563
0.17                                    0.589195838723662
0.18                                    0.6317892126298734
0.19                                    0.627573741813735
0.2                                     0.5068015728478179
0.21                                    0.670905358070996
0.22                                    0.46501063627970396
0.23                                    0.6396530985432283
0.24                                    0.6177626079599303
0.25                                    1.128069958331863
0.26                                    0.7636243176970268
0.27                                    0.6295209897541847
0.28                                    0.7394335067445164
0.29                                    0.6671499513287
0.3                                     0.5332392083470013
0.31                                    0.6262256470857313
0.32                                    0.840016352283902
0.33                                    0.7869163988308683
0.34                                    0.9181095540275437
0.35000000000000003                     0.8758157567275554
0.36                                    0.8164353937083456
0.37                                    0.9434772730759304
0.38                                    0.9854607946051879
0.39                                    1.0785863224825214
0.4                                     0.8632228401016797
0.41000000000000003                     1.2119835055678378
0.42                                    1.0095553130771266
0.43                                    1.1576745465254041
0.44                                    1.2694166206465978
0.45                                    1.6984852149095466
0.46                                    1.2844061501222577
0.47000000000000003                     1.7314065441005573
0.48                                    1.57387204588527
0.49                                    1.7187922291456657
0.5                                     1.7049903069303896
0.51                                    1.8703779918945238
0.52                                    2.0920646804995733
0.53                                    1.6267045202256047
0.54                                    1.9780436843381826
0.55                                    1.5808799986379873
0.56                                    1.5212321565060787
0.5700000000000001                      2.37440493270028
0.58                                    1.8779102037081317
0.59                                    2.07120130970904
0.6                                     2.1857358657668127
0.61                                    2.3845156431603076
0.62                                    2.2890469982557295
0.63                                    2.08445757453441
0.64                                    2.037766420621647
0.65                                    2.4324585993205026
0.66                                    2.6106317858716546
0.67                                    2.544853322476682
0.68                                    2.829986056613968
0.6900000000000001                      3.358193109207727
0.7000000000000001                      2.920115818429071
0.71                                    2.452466036950398
0.72                                    2.5200633583117256
0.73                                    2.910764748649109
0.74                                    3.923932830895429
0.75                                    3.3492379085145596
0.76                                    3.4137966671556246
0.77                                    5.134596790794291
0.78                                    3.4024341544481658
0.79                                    2.6570661598362264
0.8                                     3.9399387809993462
0.81                                    3.321013512542546
0.8200000000000001                      3.743330934000969
0.8300000000000001                      4.968920228388441
0.84                                    4.384435570482782
0.85                                    4.589463659948928
0.86                                    5.012251844645702
0.87                                    4.2877686191533115
0.88                                    5.191377256838063
0.89                                    5.634237074151781
0.9                                     5.991129104643992
0.91                                    6.003893207901996
0.92                                    5.836001918442998
0.93                                    7.325058138839125
0.9400000000000001                      6.712402580783992
0.9500000000000001                      10.86950945453153
0.96                                    8.25000091055276
0.97                                    9.990380505241003
0.98                                    11.778681657760423
0.99                                    45.627639110776045

--------------------------------------------------
# Coordination Number Distribution--------------------------------------------------
Wetting-sat (Sw)                        Value
0.0                                     0.2973436713218689
0.01                                    0.8053205013275146
0.02                                    0.8787912875413895
0.03                                    1.1867288053035736
0.04                                    1.382476307451725
0.05                                    1.290101706981659
0.06                                    1.3678706139326096
0.07                                    1.543730415403843
0.08                                    1.633893996477127
0.09                                    1.8720822855830193
0.1                                     1.881050281226635
0.11                                    2.403731480240822
0.12                                    2.2307619526982307
0.13                                    2.0990026369690895
0.14                                    2.1705710515379906
0.15                                    2.2572683691978455
0.16                                    2.65045003592968
0.17                                    1.8320883065462112
0.18                                    2.2515428960323334
0.19                                    2.180185027420521
0.2                                     2.422543503344059
0.21                                    2.079667404294014
0.22                                    2.3176038414239883
0.23                                    2.274163104593754
0.24                                    2.9093791097402573
0.25                                    2.78782869130373
0.26                                    2.921088218688965
0.27                                    3.461815558373928
0.28                                    3.2650916278362274
0.29                                    3.2171427980065346
0.3                                     3.4570510238409042
0.31                                    3.220931477844715
0.32                                    3.2118240743875504
0.33                                    3.405748948454857
0.34                                    3.776495136320591
0.35000000000000003                     3.9215205684304237
0.36                                    3.305308774113655
0.37                                    3.4518808871507645
0.38                                    3.4015667140483856
0.39                                    2.9201611280441284
0.4                                     3.200720213353634
0.41000000000000003                     3.468084894120693
0.42                                    3.491445742547512
0.43                                    3.6514738649129868
0.44                                    3.3740419894456863
0.45                                    3.531827539205551
0.46                                    4.438019059598446
0.47000000000000003                     4.445067472755909
0.48                                    4.326950617134571
0.49                                    4.281193301081657
0.5                                     3.804524712264538
0.51                                    4.50468984246254
0.52                                    4.501349218189716
0.53                                    4.397541455924511
0.54                                    4.338119305670261
0.55                                    4.4450473934412
0.56                                    4.293684929609299
0.5700000000000001                      4.660520814359188
0.58                                    4.392698898911476
0.59                                    4.0264734253287315
0.6                                     5.400611653923988
0.61                                    4.256399936974049
0.62                                    4.876394674181938
0.63                                    4.896562337875366
0.64                                    5.258956678211689
0.65                                    4.837268695235252
0.66                                    5.145691558718681
0.67                                    6.162290625274181
0.68                                    5.650961123406887
0.6900000000000001                      5.253538705408573
0.7000000000000001                      5.649686373770237
0.71                                    6.425645180046558
0.72                                    5.352378845214844
0.73                                    5.73242749273777
0.74                                    5.897073283791542
0.75                                    5.79088182002306
0.76                                    5.966103099286556
0.77                                    5.949491195380688
0.78                                    6.230643481016159
0.79                                    6.322400785982609
0.8                                     6.844750963151455
0.81                                    7.611942566931248
0.8200000000000001                      7.133202940225601
0.8300000000000001                      7.209197983145714
0.84                                    7.411058202385902
0.85                                    7.266151525080204
0.86                                    7.3862820491194725
0.87                                    6.908740870654583
0.88                                    8.569639824330807
0.89                                    7.885048784315586
0.9                                     7.328923478722572
0.91                                    8.782996885478497
0.92                                    8.229675225913525
0.93                                    9.05175507068634
0.9400000000000001                      9.373380370438099
0.9500000000000001                      11.069772094488144
0.96                                    9.93120438605547
0.97                                    11.689428351819515
0.98                                    13.82100135833025
0.99                                    28.185204401612282

--------------------------------------------------
# Pore Sphericity Distribution (ratio)--------------------------------------------------
Wetting-sat (Sw)                        Value
0.0                                     0.48808842444451295
0.01                                    0.4999258948294172
0.02                                    0.529776050750248
0.03                                    0.5541928967272935
0.04                                    0.5657263440276612
0.05                                    0.5805779646329396
0.06                                    0.5716408553261954
0.07                                    0.5910974111596821
0.08                                    0.5946495830677767
0.09                                    0.5836954492180972
0.1                                     0.6287521864294581
0.11                                    0.5988684339123973
0.12                                    0.6202842621392499
0.13                                    0.6153479841926308
0.14                                    0.6284376215296765
0.15                                    0.6211753757591552
0.16                                    0.6306922490652722
0.17                                    0.6418429859773152
0.18                                    0.6492078698101074
0.19                                    0.6391141508313245
0.2                                     0.640549675738477
0.21                                    0.6600841867341394
0.22                                    0.6523772391721918
0.23                                    0.6492063082493256
0.24                                    0.665753804343117
0.25                                    0.6441800588023181
0.26                                    0.6588525555862463
0.27                                    0.6722742524237011
0.28                                    0.6776312814032637
0.29                                    0.6816787087131433
0.3                                     0.6822939892605269
0.31                                    0.6697749155139199
0.32                                    0.6964909011886493
0.33                                    0.6676646939516044
0.34                                    0.6974937918413024
0.35000000000000003                     0.6831460587410159
0.36                                    0.6808249599148299
0.37                                    0.7118398149045362
0.38                                    0.6923176888778284
0.39                                    0.7069885114638037
0.4                                     0.6930907536225015
0.41000000000000003                     0.7026199709386018
0.42                                    0.7140362807008493
0.43                                    0.6996750209002824
0.44                                    0.7156873777939605
0.45                                    0.7380570380655609
0.46                                    0.7238319770843948
0.47000000000000003                     0.7107011862209096
0.48                                    0.7108741764363038
0.49                                    0.722346876462324
0.5                                     0.7280802006313274
0.51                                    0.7309231730707886
0.52                                    0.7383204247306709
0.53                                    0.7436351379729826
0.54                                    0.7454989350041883
0.55                                    0.7391451438580572
0.56                                    0.7316021192192266
0.5700000000000001                      0.7368417137081269
0.58                                    0.7513411485984611
0.59                                    0.7630619678330297
0.6                                     0.7654022508174103
0.61                                    0.7401620527186465
0.62                                    0.7640776991231935
0.63                                    0.755168938544478
0.64                                    0.7714688581360911
0.65                                    0.7797241490465332
0.66                                    0.7740349991281046
0.67                                    0.7859375840376739
0.68                                    0.7727346541859412
0.6900000000000001                      0.7771662715269847
0.7000000000000001                      0.7873361178738478
0.71                                    0.7890944762731182
0.72                                    0.7780656281398692
0.73                                    0.7814673321469274
0.74                                    0.7911262153265022
0.75                                    0.8049533394217532
0.76                                    0.7754697509346733
0.77                                    0.8144105611060057
0.78                                    0.8099154573594074
0.79                                    0.8121413214573896
0.8                                     0.8047036842517801
0.81                                    0.8286870153564427
0.8200000000000001                      0.8341458734585925
0.8300000000000001                      0.8378814954793836
0.84                                    0.830858936489189
0.85                                    0.8350959475177211
0.86                                    0.8396149610638308
0.87                                    0.8282271997045973
0.88                                    0.8393763545763728
0.89                                    0.84867074387012
0.9                                     0.8673215036209729
0.91                                    0.8791334668064841
0.92                                    0.8629663566793946
0.93                                    0.8876250807417327
0.9400000000000001                      0.8845878603807593
0.9500000000000001                      0.8904031332116427
0.96                                    0.8906583485619732
0.97                                    0.9199494810825364
0.98                                    0.9248205369871907
0.99                                    0.9823965834592436

--------------------------------------------------
# Grain Sphericity Distribution (ratio)--------------------------------------------------
Wetting-sat (Sw)                        Value
0.0                                     0.5951138193196828
0.01                                    0.6295212571393365
0.02                                    0.638170777805509
0.03                                    0.6703775857132142
0.04                                    0.6673215744481467
0.05                                    0.701468498975899
0.06                                    0.7052945740272536
0.07                                    0.733325078644814
0.08                                    0.7332354522983717
0.09                                    0.7309964070980781
0.1                                     0.7196065352419354
0.11                                    0.748809750706652
0.12                                    0.7501838410424195
0.13                                    0.7660382381044668
0.14                                    0.7523012145137136
0.15                                    0.7617906394339498
0.16                                    0.775666541893056
0.17                                    0.7826220313478416
0.18                                    0.7788609983506065
0.19                                    0.7779085715294434
0.2                                     0.7747423739511561
0.21                                    0.8009279468073363
0.22                                    0.7884387905583079
0.23                                    0.8084276948156424
0.24                                    0.798687260167191
0.25                                    0.8267772856320974
0.26                                    0.8079087759898309
0.27                                    0.8219730336719078
0.28                                    0.8273553335980175
0.29                                    0.8257289278432438
0.3                                     0.8312123348683942
0.31                                    0.8294522263766178
0.32                                    0.8439871203043259
0.33                                    0.8410847002449175
0.34                                    0.8493182371514267
0.35000000000000003                     0.8517463183991749
0.36                                    0.860017151430494
0.37                                    0.8509208513547151
0.38                                    0.8625075700871516
0.39                                    0.8567298883367886
0.4                                     0.867207497353137
0.41000000000000003                     0.8769765732617261
0.42                                    0.8610543269103585
0.43                                    0.8673178188986173
0.44                                    0.863216187132176
0.45                                    0.8759218828725359
0.46                                    0.8623202780695394
0.47000000000000003                     0.8668525732906804
0.48                                    0.8688933213652659
0.49                                    0.8760880973102356
0.5                                     0.8788307008168204
0.51                                    0.8819597235130141
0.52                                    0.8804798815495349
0.53                                    0.8827511306805533
0.54                                    0.8781135501498403
0.55                                    0.886921283234436
0.56                                    0.8847680498982022
0.5700000000000001                      0.8871641697006583
0.58                                    0.8920548117594009
0.59                                    0.8885308642307308
0.6                                     0.8827942837611973
0.61                                    0.8965226151818273
0.62                                    0.9017784589548246
0.63                                    0.8994515967224705
0.64                                    0.8994087793908871
0.65                                    0.9102179312781695
0.66                                    0.9088874789939112
0.67                                    0.9023303557994726
0.68                                    0.9075656535952366
0.6900000000000001                      0.9126703543328079
0.7000000000000001                      0.9019591665603048
0.71                                    0.9087594746645751
0.72                                    0.9174582758317467
0.73                                    0.9152458200917764
0.74                                    0.9285954545511901
0.75                                    0.9222703899157709
0.76                                    0.9232440248859257
0.77                                    0.9289295248664411
0.78                                    0.9418944655133625
0.79                                    0.929851389196731
0.8                                     0.9371584918551816
0.81                                    0.9464287938815925
0.8200000000000001                      0.9449908925715942
0.8300000000000001                      0.9374923942959024
0.84                                    0.9440138068472059
0.85                                    0.9462448593545858
0.86                                    0.9425208053858256
0.87                                    0.9561990449118936
0.88                                    0.9512213599092023
0.89                                    0.9525220704225132
0.9                                     0.9575070486409087
0.91                                    0.9624371132351781
0.92                                    0.962595745339927
0.93                                    0.9695215303292164
0.9400000000000001                      0.9686785577017938
0.9500000000000001                      0.976410560122738
0.96                                    0.9752161048607295
0.97                                    0.9845301941604543
0.98                                    0.9875497346838191
0.99                                    0.998074572401352

--------------------------------------------------
# Grain Radius Distribution (um)--------------------------------------------------
Wetting-sat (Sw)                        Value
0.0                                     3.3229847475686647
0.01                                    3.6988116809827396
0.02                                    3.904047242991812
0.03                                    4.2673266008739255
0.04                                    4.00577807435122
0.05                                    4.364071336930991
0.06                                    4.592136211545103
0.07                                    5.052904988823229
0.08                                    4.757361068587279
0.09                                    5.269432222342665
0.1                                     5.698135841798003
0.11                                    5.019257704606428
0.12                                    5.7631176707926635
0.13                                    5.163956087164493
0.14                                    5.557420394691004
0.15                                    6.193903172640649
0.16                                    5.90244015879189
0.17                                    5.980009689712563
0.18                                    5.578600356163946
0.19                                    6.584038552826925
0.2                                     6.168940386564895
0.21                                    6.356712629209753
0.22                                    6.859712091177599
0.23                                    6.367155914103037
0.24                                    6.460336696797569
0.25                                    6.68322005535909
0.26                                    6.506595654552413
0.27                                    6.889658366945692
0.28                                    6.909171259138514
0.29                                    7.613307658580219
0.3                                     7.2494045176633115
0.31                                    6.77797983771563
0.32                                    7.447261513264998
0.33                                    7.181324097252709
0.34                                    8.64249703266741
0.35000000000000003                     7.741111786998793
0.36                                    7.860881256411147
0.37                                    8.137629348327188
0.38                                    7.545657163820163
0.39                                    7.792067096223612
0.4                                     7.718984946850647
0.41000000000000003                     7.869248912375792
0.42                                    8.257178383133262
0.43                                    8.677886427732428
0.44                                    8.261981043491371
0.45                                    8.65625361124091
0.46                                    8.147629158397908
0.47000000000000003                     8.357723661941161
0.48                                    8.192042302026405
0.49                                    8.728702076261069
0.5                                     8.264227600436229
0.51                                    9.571048368230585
0.52                                    8.59480290492274
0.53                                    9.144653840360185
0.54                                    9.318845643667768
0.55                                    9.686019346260835
0.56                                    9.109338444619262
0.5700000000000001                      10.380952210048832
0.58                                    10.11984715834869
0.59                                    8.952871042798225
0.6                                     10.150875804512161
0.61                                    10.075459549698227
0.62                                    9.853706504756143
0.63                                    9.803577173902376
0.64                                    9.996523115769815
0.65                                    9.497642080973208
0.66                                    10.312412160033645
0.67                                    10.808014295202081
0.68                                    10.444742754149978
0.6900000000000001                      11.025452449978676
0.7000000000000001                      10.924517893036281
0.71                                    11.184948612867565
0.72                                    11.519608471595273
0.73                                    11.210948952846639
0.74                                    11.137582791983313
0.75                                    11.521216132967318
0.76                                    11.963579402304031
0.77                                    11.616743528030835
0.78                                    11.420575488833297
0.79                                    10.984996706823214
0.8                                     11.71200202414201
0.81                                    11.884306844685192
0.8200000000000001                      12.53031260607495
0.8300000000000001                      12.397529678062043
0.84                                    13.58522143538286
0.85                                    13.116025594232013
0.86                                    13.394608035590387
0.87                                    12.795467817964244
0.88                                    14.935878464750978
0.89                                    13.570735807130433
0.9                                     15.427938012558908
0.91                                    15.075955537407165
0.92                                    16.386671171034475
0.93                                    16.06768926769671
0.9400000000000001                      17.455110933089596
0.9500000000000001                      17.31192171984545
0.96                                    17.659801922607976
0.97                                    20.066487151341427
0.98                                    20.096107204737102
0.99                                    32.671098444031266
