DeePore output results including 15 single-value
paramters, 4 functions and 11 distributions
__________________________________________________
        ### Single-value parameters ###
__________________________________________________

Properties                              Value
--------------------------------------------------
Absolute Permeability (px2)             0.0321214
Formation Factor (ratio)                16.9433861
Cementation Factor (ratio)              1.9621598
pore density (1/px3)                    0.0002908
Tortuosity (ratio)                      1.2430909
Average Coordination Number             4.742775
Average Throat Radius (px)              2.673661
Average Pore Radius (px)                5.13837
Average Throat Length (px)              15.4859619
Pore to Throat Aspect ratio             3.565485
Specific Surface (1/px)                 0.1543706
Pore Sphericity (ratio)                 0.6998004
Grain Sphericity (ratio)                0.8364815
Average Grain Radius (px)               8.2932272
Relative Young Module (ratio)           0.3068074

__________________________________________________
       ### Functions and distributions ###
__________________________________________________


# Leveret J Function (ratio)
--------------------------------------------------
Wetting-sat (Sw)                        Value
--------------------------------------------------
0.01                                    0.5217336
0.02                                    0.5217336
0.03                                    0.5217336
0.04                                    0.5217336
0.05                                    0.5217336
0.06                                    0.5217336
0.07                                    0.5217336
0.08                                    0.4912598
0.09                                    0.4303121
0.1                                     0.4303121
0.11                                    0.3954849
0.12                                    0.3737178
0.13                                    0.3715411
0.14                                    0.3715411
0.15                                    0.3715411
0.16                                    0.3715411
0.17                                    0.3715411
0.18                                    0.3715411
0.19                                    0.3715411
0.2                                     0.3715411
0.21                                    0.3715411
0.22                                    0.3715411
0.23                                    0.3715411
0.24                                    0.3715411
0.25                                    0.3715411
0.26                                    0.3715411
0.27                                    0.3715411
0.28                                    0.3715411
0.29                                    0.3563042
0.3                                     0.3475974
0.31                                    0.3454207
0.32                                    0.3454207
0.33                                    0.3454207
0.34                                    0.343244
0.35                                    0.343244
0.36                                    0.343244
0.37                                    0.3388906
0.38                                    0.3388906
0.39                                    0.3388906
0.4                                     0.3367139
0.41                                    0.3367139
0.42                                    0.3367139
0.43                                    0.3367139
0.44                                    0.3367139
0.45                                    0.3367139
0.46                                    0.3367139
0.47                                    0.3367139
0.48                                    0.3367139
0.49                                    0.3367139
0.5                                     0.3367139
0.51                                    0.3367139
0.52                                    0.3367139
0.53                                    0.3367139
0.54                                    0.3367139
0.55                                    0.3345372
0.56                                    0.3345372
0.57                                    0.3345372
0.58                                    0.3323605
0.59                                    0.3323605
0.6                                     0.3323605
0.61                                    0.3323605
0.62                                    0.3323605
0.63                                    0.3323605
0.64                                    0.3323605
0.65                                    0.3323605
0.66                                    0.3323605
0.67                                    0.3323605
0.68                                    0.3323605
0.69                                    0.3323605
0.7                                     0.3323605
0.71                                    0.3323605
0.72                                    0.3323605
0.73                                    0.3323605
0.74                                    0.3323605
0.75                                    0.3323605
0.76                                    0.3323605
0.77                                    0.3323605
0.78                                    0.3323605
0.79                                    0.3323605
0.8                                     0.3323605
0.81                                    0.3323605
0.82                                    0.3323605
0.83                                    0.3323605
0.84                                    0.3323605
0.85                                    0.3236536
0.86                                    0.3236536
0.87                                    0.3236536
0.88                                    0.3236536
0.89                                    0.3236536
0.9                                     0.3236536
0.91                                    0.3149468
0.92                                    0.3018866
0.93                                    0.2931798
0.94                                    0.2801196
0.95                                    0.2605292
0.96                                    0.2539991
0.97                                    0.2431156
0.98                                    0.2278787
0.99                                    0.2082884
1.0                                     0.0907464


# Wetting Relative Permeability (fraction)
--------------------------------------------------
Wetting-sat (Sw)                        Value
--------------------------------------------------
0.01                                    0.0
0.02                                    0.0001623
0.03                                    0.0001623
0.04                                    0.0001623
0.05                                    0.0001623
0.06                                    0.0001623
0.07                                    0.0001623
0.08                                    0.0001695
0.09                                    0.0001903
0.1                                     0.0001903
0.11                                    0.000197
0.12                                    0.0002085
0.13                                    0.0002105
0.14                                    0.0002105
0.15                                    0.0002105
0.16                                    0.0002105
0.17                                    0.0002105
0.18                                    0.0002105
0.19                                    0.0002105
0.2                                     0.0002105
0.21                                    0.0002105
0.22                                    0.0002105
0.23                                    0.0002105
0.24                                    0.0002105
0.25                                    0.0002105
0.26                                    0.0002105
0.27                                    0.0002105
0.28                                    0.0002105
0.29                                    0.0007357
0.3                                     0.0024649
0.31                                    0.0024654
0.32                                    0.0024654
0.33                                    0.0024654
0.34                                    0.002972
0.35                                    0.002972
0.36                                    0.002972
0.37                                    0.0210635
0.38                                    0.0210635
0.39                                    0.0210635
0.4                                     0.0239924
0.41                                    0.0239924
0.42                                    0.0239924
0.43                                    0.0239924
0.44                                    0.0239924
0.45                                    0.0239924
0.46                                    0.0239924
0.47                                    0.0239924
0.48                                    0.0239924
0.49                                    0.0239924
0.5                                     0.0239924
0.51                                    0.0239924
0.52                                    0.0239924
0.53                                    0.0239924
0.54                                    0.0239924
0.55                                    0.0702432
0.56                                    0.0702432
0.57                                    0.0702432
0.58                                    0.153751
0.59                                    0.153751
0.6                                     0.153751
0.61                                    0.153751
0.62                                    0.153751
0.63                                    0.153751
0.64                                    0.153751
0.65                                    0.153751
0.66                                    0.153751
0.67                                    0.153751
0.68                                    0.153751
0.69                                    0.153751
0.7                                     0.153751
0.71                                    0.153751
0.72                                    0.153751
0.73                                    0.153751
0.74                                    0.153751
0.75                                    0.153751
0.76                                    0.153751
0.77                                    0.153751
0.78                                    0.153751
0.79                                    0.153751
0.8                                     0.153751
0.81                                    0.153751
0.82                                    0.153751
0.83                                    0.153751
0.84                                    0.153751
0.85                                    0.3261323
0.86                                    0.3261323
0.87                                    0.3261323
0.88                                    0.3261323
0.89                                    0.3261323
0.9                                     0.3261323
0.91                                    0.4784016
0.92                                    0.5595263
0.93                                    0.7768622
0.94                                    0.7954896
0.95                                    0.811985
0.96                                    0.8208641
0.97                                    0.8351116
0.98                                    0.8792202
0.99                                    0.891818
1.0                                     1.0


# Non-Wetting Relative Permeability (fraction)
--------------------------------------------------
Wetting-sat (Sw)                        Value
--------------------------------------------------
0.01                                    1.0
0.02                                    0.9973099
0.03                                    0.9973099
0.04                                    0.9973099
0.05                                    0.9973099
0.06                                    0.9973099
0.07                                    0.9973099
0.08                                    0.9799997
0.09                                    0.9417259
0.1                                     0.9417259
0.11                                    0.9109581
0.12                                    0.8930819
0.13                                    0.8919317
0.14                                    0.8919317
0.15                                    0.8919317
0.16                                    0.8919317
0.17                                    0.8919317
0.18                                    0.8919317
0.19                                    0.8919317
0.2                                     0.8919317
0.21                                    0.8919317
0.22                                    0.8919317
0.23                                    0.8919317
0.24                                    0.8919317
0.25                                    0.8919317
0.26                                    0.8919317
0.27                                    0.8919317
0.28                                    0.8919317
0.29                                    0.750414
0.3                                     0.6404235
0.31                                    0.6358137
0.32                                    0.6358137
0.33                                    0.6358137
0.34                                    0.6352968
0.35                                    0.6352968
0.36                                    0.6352968
0.37                                    0.5234962
0.38                                    0.5234962
0.39                                    0.5234962
0.4                                     0.5114867
0.41                                    0.5114867
0.42                                    0.5114867
0.43                                    0.5114867
0.44                                    0.5114867
0.45                                    0.5114867
0.46                                    0.5114867
0.47                                    0.5114867
0.48                                    0.5114867
0.49                                    0.5114867
0.5                                     0.5114867
0.51                                    0.5114867
0.52                                    0.5114867
0.53                                    0.5114867
0.54                                    0.5114867
0.55                                    0.419473
0.56                                    0.419473
0.57                                    0.419473
0.58                                    0.3476595
0.59                                    0.3476595
0.6                                     0.3476595
0.61                                    0.3476595
0.62                                    0.3476595
0.63                                    0.3476595
0.64                                    0.3476595
0.65                                    0.3476595
0.66                                    0.3476595
0.67                                    0.3476595
0.68                                    0.3476595
0.69                                    0.3476595
0.7                                     0.3476595
0.71                                    0.3476595
0.72                                    0.3476595
0.73                                    0.3476595
0.74                                    0.3476595
0.75                                    0.3476595
0.76                                    0.3476595
0.77                                    0.3476595
0.78                                    0.3476595
0.79                                    0.3476595
0.8                                     0.3476595
0.81                                    0.3476595
0.82                                    0.3476595
0.83                                    0.3476595
0.84                                    0.3476595
0.85                                    0.2053116
0.86                                    0.2053116
0.87                                    0.2053116
0.88                                    0.2053116
0.89                                    0.2053116
0.9                                     0.2053116
0.91                                    0.1071964
0.92                                    0.1063421
0.93                                    0.0203553
0.94                                    0.0135018
0.95                                    0.0075756
0.96                                    0.0054256
0.97                                    0.0052246
0.98                                    0.0007962
0.99                                    0.0007774
1.0                                     0.0


# Two-point Correlation Function (1/px)
--------------------------------------------------
lag (px)                                Value
--------------------------------------------------
0.5                                     0.2365294
1.0                                     0.2305201
1.5                                     0.209096
2.0                                     0.1876719
2.5                                     0.1750286
3.0                                     0.1640395
3.5                                     0.1541158
4.0                                     0.145774
4.5                                     0.1374322
5.0                                     0.1284457
5.5                                     0.1194347
6.0                                     0.1123672
6.5                                     0.1070624
7.0                                     0.101804
7.5                                     0.0970437
8.0                                     0.0922834
8.5                                     0.0883685
9.0                                     0.0849164
9.5                                     0.0815849
10.0                                    0.0787149
10.5                                    0.0758448
11.0                                    0.0729958
11.5                                    0.070153
12.0                                    0.0677054
12.5                                    0.0660629
13.0                                    0.0644204
13.5                                    0.0629661
14.0                                    0.061535
14.5                                    0.060312
15.0                                    0.0593423
15.5                                    0.0583742
16.0                                    0.0575374
16.5                                    0.0567007
17.0                                    0.0560292
17.5                                    0.0554809
18.0                                    0.0549617
18.5                                    0.0546313
19.0                                    0.0543009
19.5                                    0.0540096
20.0                                    0.0537356
20.5                                    0.0534989
21.0                                    0.0533709
21.5                                    0.0532429
22.0                                    0.0531756
22.5                                    0.0531219
23.0                                    0.0530984
23.5                                    0.0531244
24.0                                    0.0531504
24.5                                    0.0531777
25.0                                    0.0532051
25.5                                    0.0532249
26.0                                    0.0532373
26.5                                    0.0532495
27.0                                    0.0532597
27.5                                    0.0532699
28.0                                    0.053258
28.5                                    0.0532328
29.0                                    0.053206
29.5                                    0.0531725
30.0                                    0.0531389
30.5                                    0.0530838
31.0                                    0.0530213
31.5                                    0.0529601
32.0                                    0.0529016
32.5                                    0.0528431
33.0                                    0.0527798
33.5                                    0.0527158
34.0                                    0.0526437
34.5                                    0.0525607
35.0                                    0.0524776
35.5                                    0.0524074
36.0                                    0.0523374
36.5                                    0.0522628
37.0                                    0.0521844
37.5                                    0.0521072
38.0                                    0.0520387
38.5                                    0.0519703
39.0                                    0.0519022
39.5                                    0.0518342
40.0                                    0.051769
40.5                                    0.0517125
41.0                                    0.0516561
41.5                                    0.0515939
42.0                                    0.0515303
42.5                                    0.0514765
43.0                                    0.0514407
43.5                                    0.051405
44.0                                    0.05138
44.5                                    0.051356
45.0                                    0.0513388
45.5                                    0.051329
46.0                                    0.0513193
46.5                                    0.0513097
47.0                                    0.0513002
47.5                                    0.0512932
48.0                                    0.0512878
48.5                                    0.051284
49.0                                    0.0512887
49.5                                    0.0512933
50.0                                    0.0512946


# Pore Radius Distribution (px)
--------------------------------------------------
Cumulative probability                  Value
--------------------------------------------------
0.01                                    2.1215689
0.02                                    2.2545033
0.03                                    2.3302138
0.04                                    2.4013002
0.05                                    2.4942591
0.06                                    2.5687582
0.07                                    2.6391699
0.08                                    2.6951013
0.09                                    2.7592943
0.1                                     2.820632
0.11                                    2.8889782
0.12                                    2.9450889
0.13                                    3.0254488
0.14                                    3.1100018
0.15                                    3.1744761
0.16                                    3.2364328
0.17                                    3.2887628
0.18                                    3.3677807
0.19                                    3.4229999
0.2                                     3.5026329
0.21                                    3.5663311
0.22                                    3.6217752
0.23                                    3.669672
0.24                                    3.727838
0.25                                    3.7842436
0.26                                    3.8336089
0.27                                    3.8870087
0.28                                    3.9389801
0.29                                    3.9946084
0.3                                     4.0487294
0.31                                    4.0871992
0.32                                    4.1296301
0.33                                    4.171206
0.34                                    4.2119699
0.35                                    4.2694931
0.36                                    4.3084269
0.37                                    4.3550768
0.38                                    4.4007483
0.39                                    4.4454908
0.4                                     4.4893508
0.41                                    4.5323696
0.42                                    4.5783868
0.43                                    4.6160398
0.44                                    4.6604276
0.45                                    4.7039852
0.46                                    4.7573233
0.47                                    4.8129287
0.48                                    4.8571801
0.49                                    4.8940039
0.5                                     4.9335527
0.51                                    4.9692574
0.52                                    5.0171337
0.53                                    5.0641136
0.54                                    5.101079
0.55                                    5.1555433
0.56                                    5.2000666
0.57                                    5.2380457
0.58                                    5.2783399
0.59                                    5.3208408
0.6                                     5.3654385
0.61                                    5.414741
0.62                                    5.460494
0.63                                    5.5133576
0.64                                    5.5652266
0.65                                    5.6262202
0.66                                    5.6809921
0.67                                    5.7274599
0.68                                    5.7779565
0.69                                    5.8346066
0.7                                     5.8855867
0.71                                    5.9356985
0.72                                    5.9938517
0.73                                    6.0682354
0.74                                    6.1366158
0.75                                    6.1952224
0.76                                    6.2730293
0.77                                    6.3489523
0.78                                    6.4250298
0.79                                    6.5068741
0.8                                     6.5885434
0.81                                    6.6825233
0.82                                    6.7565446
0.83                                    6.8578649
0.84                                    6.9677691
0.85                                    7.0965033
0.86                                    7.2268286
0.87                                    7.3171167
0.88                                    7.4341402
0.89                                    7.5754271
0.9                                     7.7396302
0.91                                    7.8856459
0.92                                    8.0301495
0.93                                    8.2229366
0.94                                    8.4025784
0.95                                    8.6243496
0.96                                    8.8869534
0.97                                    9.1917562
0.98                                    9.5783873
0.99                                    10.3905602
1.0                                     13.4421177


# Throat Radius Distribution (px)
--------------------------------------------------
Cumulative probability                  Value
--------------------------------------------------
0.01                                    0.3728948
0.02                                    0.4619267
0.03                                    0.5106686
0.04                                    0.5447825
0.05                                    0.5733528
0.06                                    0.6777601
0.07                                    0.7201506
0.08                                    0.7524915
0.09                                    0.7743716
0.1                                     0.7986905
0.11                                    0.8772897
0.12                                    0.9125438
0.13                                    0.9390559
0.14                                    0.9611734
0.15                                    0.9868177
0.16                                    1.0583869
0.17                                    1.0862639
0.18                                    1.1063914
0.19                                    1.1265053
0.2                                     1.1909742
0.21                                    1.2227694
0.22                                    1.2460393
0.23                                    1.2630157
0.24                                    1.3169324
0.25                                    1.3511293
0.26                                    1.3759782
0.27                                    1.4178804
0.28                                    1.4491822
0.29                                    1.4776483
0.3                                     1.5074489
0.31                                    1.5527182
0.32                                    1.5777212
0.33                                    1.6092463
0.34                                    1.6535771
0.35                                    1.6827574
0.36                                    1.7176635
0.37                                    1.7547404
0.38                                    1.7815121
0.39                                    1.8260645
0.4                                     1.859441
0.41                                    1.8981667
0.42                                    1.9395452
0.43                                    1.986007
0.44                                    2.0225189
0.45                                    2.0722418
0.46                                    2.1035211
0.47                                    2.150897
0.48                                    2.1850748
0.49                                    2.2447689
0.5                                     2.2948916
0.51                                    2.3418534
0.52                                    2.386409
0.53                                    2.4441173
0.54                                    2.4908144
0.55                                    2.5467656
0.56                                    2.5925074
0.57                                    2.6416857
0.58                                    2.6976767
0.59                                    2.7451606
0.6                                     2.7974594
0.61                                    2.8512435
0.62                                    2.8983064
0.63                                    2.9589505
0.64                                    3.0058625
0.65                                    3.056921
0.66                                    3.1179504
0.67                                    3.1806078
0.68                                    3.2343595
0.69                                    3.2879343
0.7                                     3.3599024
0.71                                    3.419394
0.72                                    3.4874182
0.73                                    3.5445032
0.74                                    3.6118882
0.75                                    3.682451
0.76                                    3.7515192
0.77                                    3.8193252
0.78                                    3.8846381
0.79                                    3.9628217
0.8                                     4.0484619
0.81                                    4.1231837
0.82                                    4.201848
0.83                                    4.2822409
0.84                                    4.3623161
0.85                                    4.4488797
0.86                                    4.540626
0.87                                    4.6392994
0.88                                    4.7683406
0.89                                    4.8664994
0.9                                     4.9949827
0.91                                    5.1512723
0.92                                    5.3142877
0.93                                    5.4641376
0.94                                    5.6853762
0.95                                    5.8919868
0.96                                    6.1696887
0.97                                    6.5534773
0.98                                    7.0424132
0.99                                    7.871057
1.0                                     15.4681082


# Throat Lenght Distribution (px)
--------------------------------------------------
Cumulative probability                  Value
--------------------------------------------------
0.01                                    6.1667724
0.02                                    6.7824178
0.03                                    7.233963
0.04                                    7.6212888
0.05                                    7.9235234
0.06                                    8.2202663
0.07                                    8.4906416
0.08                                    8.7437916
0.09                                    8.9903164
0.1                                     9.1904287
0.11                                    9.3870449
0.12                                    9.5360794
0.13                                    9.7055302
0.14                                    9.868927
0.15                                    10.0350065
0.16                                    10.2112675
0.17                                    10.365839
0.18                                    10.5222931
0.19                                    10.6542845
0.2                                     10.7963591
0.21                                    10.949131
0.22                                    11.0920362
0.23                                    11.242835
0.24                                    11.3822145
0.25                                    11.5310659
0.26                                    11.6670103
0.27                                    11.7996368
0.28                                    11.9498787
0.29                                    12.1060877
0.3                                     12.2402182
0.31                                    12.3596373
0.32                                    12.4986954
0.33                                    12.6412411
0.34                                    12.7787485
0.35                                    12.9213037
0.36                                    13.0430593
0.37                                    13.1690216
0.38                                    13.3022652
0.39                                    13.4355078
0.4                                     13.5380201
0.41                                    13.6514826
0.42                                    13.7612667
0.43                                    13.8728867
0.44                                    13.9900141
0.45                                    14.1327963
0.46                                    14.2885151
0.47                                    14.4095192
0.48                                    14.5660648
0.49                                    14.6962357
0.5                                     14.8501511
0.51                                    14.9707861
0.52                                    15.0938711
0.53                                    15.2090788
0.54                                    15.3378
0.55                                    15.4755135
0.56                                    15.6016655
0.57                                    15.7253933
0.58                                    15.8691607
0.59                                    16.0285835
0.6                                     16.1629982
0.61                                    16.3227997
0.62                                    16.505085
0.63                                    16.6518536
0.64                                    16.7915497
0.65                                    16.9464664
0.66                                    17.1150665
0.67                                    17.248003
0.68                                    17.4255371
0.69                                    17.571167
0.7                                     17.7774563
0.71                                    17.9374771
0.72                                    18.1377735
0.73                                    18.2832928
0.74                                    18.5082474
0.75                                    18.7004452
0.76                                    18.887804
0.77                                    19.0903263
0.78                                    19.3233681
0.79                                    19.5511951
0.8                                     19.7468243
0.81                                    19.9958649
0.82                                    20.2647934
0.83                                    20.5146103
0.84                                    20.7618084
0.85                                    21.0764332
0.86                                    21.3678684
0.87                                    21.6467495
0.88                                    22.0144939
0.89                                    22.3270969
0.9                                     22.6945286
0.91                                    23.1284447
0.92                                    23.5733681
0.93                                    24.1704521
0.94                                    24.7375851
0.95                                    25.4547977
0.96                                    26.178297
0.97                                    27.1271896
0.98                                    28.3291473
0.99                                    30.4338531
1.0                                     45.008522


# Pore Inscribed Radius Distribution (px)
--------------------------------------------------
Cumulative probability                  Value
--------------------------------------------------
0.01                                    1.7320508
0.02                                    1.7320508
0.03                                    1.7320508
0.04                                    1.7320508
0.05                                    1.7320508
0.06                                    1.7320508
0.07                                    1.7320508
0.08                                    2.0
0.09                                    2.0
0.1                                     2.0
0.11                                    2.0
0.12                                    2.0
0.13                                    2.0
0.14                                    2.0
0.15                                    2.0
0.16                                    2.236068
0.17                                    2.236068
0.18                                    2.236068
0.19                                    2.236068
0.2                                     2.4494898
0.21                                    2.4494898
0.22                                    2.4494898
0.23                                    2.4494898
0.24                                    2.4494898
0.25                                    2.4494898
0.26                                    2.4494898
0.27                                    2.4494898
0.28                                    2.4494898
0.29                                    2.4494898
0.3                                     2.4494898
0.31                                    2.8284271
0.32                                    2.8284271
0.33                                    2.8284271
0.34                                    2.8284271
0.35                                    2.8284271
0.36                                    2.8284271
0.37                                    3.0
0.38                                    3.0
0.39                                    3.0
0.4                                     3.0
0.41                                    3.0
0.42                                    3.0
0.43                                    3.0
0.44                                    3.0
0.45                                    3.0
0.46                                    3.0
0.47                                    3.0
0.48                                    3.0
0.49                                    3.0
0.5                                     3.0
0.51                                    3.0
0.52                                    3.1622777
0.53                                    3.1622777
0.54                                    3.1622777
0.55                                    3.1622777
0.56                                    3.1622777
0.57                                    3.1622777
0.58                                    3.1622777
0.59                                    3.3166249
0.6                                     3.3166249
0.61                                    3.3166249
0.62                                    3.3166249
0.63                                    3.3166249
0.64                                    3.4641016
0.65                                    3.4641016
0.66                                    3.6055512
0.67                                    3.6055512
0.68                                    3.6055512
0.69                                    3.6055512
0.7                                     3.6055512
0.71                                    3.7416575
0.72                                    3.7416575
0.73                                    3.7416575
0.74                                    3.7416575
0.75                                    3.7416575
0.76                                    3.7416575
0.77                                    4.0
0.78                                    4.0
0.79                                    4.0
0.8                                     4.1231055
0.81                                    4.1231055
0.82                                    4.1231055
0.83                                    4.1231055
0.84                                    4.1231055
0.85                                    4.2426405
0.86                                    4.2426405
0.87                                    4.2426405
0.88                                    4.3588991
0.89                                    4.472136
0.9                                     4.5825758
0.91                                    4.5825758
0.92                                    4.6904159
0.93                                    4.8989797
0.94                                    5.0
0.95                                    5.0990195
0.96                                    5.1961522
0.97                                    5.3851647
0.98                                    5.8309517
0.99                                    6.4031243
1.0                                     8.6602545


# Throat Inscribed Radius Distribution (px)
--------------------------------------------------
Cumulative probability                  Value
--------------------------------------------------
0.01                                    1.0
0.02                                    1.0
0.03                                    1.0
0.04                                    1.0
0.05                                    1.0
0.06                                    1.0
0.07                                    1.0
0.08                                    1.0
0.09                                    1.0
0.1                                     1.0
0.11                                    1.0
0.12                                    1.0
0.13                                    1.0
0.14                                    1.0
0.15                                    1.0
0.16                                    1.0
0.17                                    1.0
0.18                                    1.0
0.19                                    1.0
0.2                                     1.0
0.21                                    1.0
0.22                                    1.0
0.23                                    1.0
0.24                                    1.0
0.25                                    1.0
0.26                                    1.0
0.27                                    1.0
0.28                                    1.0
0.29                                    1.4142135
0.3                                     1.4142135
0.31                                    1.4142135
0.32                                    1.4142135
0.33                                    1.4142135
0.34                                    1.4142135
0.35                                    1.4142135
0.36                                    1.4142135
0.37                                    1.4142135
0.38                                    1.4142135
0.39                                    1.4142135
0.4                                     1.4142135
0.41                                    1.4142135
0.42                                    1.4142135
0.43                                    1.4142135
0.44                                    1.4142135
0.45                                    1.4142135
0.46                                    1.4142135
0.47                                    1.4142135
0.48                                    1.4142135
0.49                                    1.4142135
0.5                                     1.4142135
0.51                                    1.4142135
0.52                                    1.4142135
0.53                                    1.7320508
0.54                                    1.7320508
0.55                                    1.7320508
0.56                                    1.7320508
0.57                                    1.7320508
0.58                                    2.0
0.59                                    2.0
0.6                                     2.0
0.61                                    2.0
0.62                                    2.0
0.63                                    2.0
0.64                                    2.0
0.65                                    2.0
0.66                                    2.0
0.67                                    2.236068
0.68                                    2.236068
0.69                                    2.236068
0.7                                     2.236068
0.71                                    2.236068
0.72                                    2.236068
0.73                                    2.236068
0.74                                    2.236068
0.75                                    2.236068
0.76                                    2.236068
0.77                                    2.236068
0.78                                    2.236068
0.79                                    2.236068
0.8                                     2.236068
0.81                                    2.4494898
0.82                                    2.4494898
0.83                                    2.4494898
0.84                                    2.4494898
0.85                                    2.8284271
0.86                                    2.8284271
0.87                                    2.8284271
0.88                                    2.8284271
0.89                                    3.0
0.9                                     3.0
0.91                                    3.0
0.92                                    3.0
0.93                                    3.1622777
0.94                                    3.1622777
0.95                                    3.3166249
0.96                                    3.6055512
0.97                                    3.7416575
0.98                                    4.1231055
0.99                                    4.3588991
1.0                                     8.1240387


# Throat Average Distance (px)
--------------------------------------------------
Cumulative probability                  Value
--------------------------------------------------
0.01                                    1.0
0.02                                    1.0
0.03                                    1.0
0.04                                    1.0
0.05                                    1.0
0.06                                    1.0
0.07                                    1.0
0.08                                    1.0
0.09                                    1.0
0.1                                     1.0
0.11                                    1.0
0.12                                    1.0
0.13                                    1.0
0.14                                    1.0
0.15                                    1.0
0.16                                    1.0
0.17                                    1.0
0.18                                    1.0
0.19                                    1.0
0.2                                     1.0
0.21                                    1.0
0.22                                    1.0
0.23                                    1.0
0.24                                    1.0
0.25                                    1.0
0.26                                    1.0
0.27                                    1.0
0.28                                    1.0
0.29                                    1.0276142
0.3                                     1.0376558
0.31                                    1.0460237
0.32                                    1.0517766
0.33                                    1.0552285
0.34                                    1.0591733
0.35                                    1.0690356
0.36                                    1.0720371
0.37                                    1.0776651
0.38                                    1.0828427
0.39                                    1.08876
0.4                                     1.0920475
0.41                                    1.1035534
0.42                                    1.1035534
0.43                                    1.1104891
0.44                                    1.1183467
0.45                                    1.1242641
0.46                                    1.1325483
0.47                                    1.1380712
0.48                                    1.1401559
0.49                                    1.1506231
0.5                                     1.1592604
0.51                                    1.1656854
0.52                                    1.1728064
0.53                                    1.181101
0.54                                    1.191105
0.55                                    1.202558
0.56                                    1.2071068
0.57                                    1.2127925
0.58                                    1.2227577
0.59                                    1.2301186
0.6                                     1.2379858
0.61                                    1.2477882
0.62                                    1.2548289
0.63                                    1.2634183
0.64                                    1.2723963
0.65                                    1.2810477
0.66                                    1.2885133
0.67                                    1.2965169
0.68                                    1.3037988
0.69                                    1.3115963
0.7                                     1.3200598
0.71                                    1.32856
0.72                                    1.3380578
0.73                                    1.34793
0.74                                    1.3585713
0.75                                    1.3681734
0.76                                    1.3796023
0.77                                    1.3889416
0.78                                    1.4029415
0.79                                    1.4142135
0.8                                     1.4273446
0.81                                    1.4414108
0.82                                    1.4547266
0.83                                    1.4711611
0.84                                    1.4877701
0.85                                    1.5048674
0.86                                    1.5234194
0.87                                    1.5391952
0.88                                    1.5593907
0.89                                    1.5778474
0.9                                     1.6007314
0.91                                    1.6267804
0.92                                    1.6526177
0.93                                    1.6864159
0.94                                    1.72206
0.95                                    1.7654657
0.96                                    1.8284729
0.97                                    1.8790801
0.98                                    1.976625
0.99                                    2.140202
1.0                                     3.2749107


# Throat Permeability Distribution (px2)
--------------------------------------------------
Cumulative probability                  Value
--------------------------------------------------
0.01                                    0.048
0.02                                    0.048
0.03                                    0.048
0.04                                    0.048
0.05                                    0.048
0.06                                    0.048
0.07                                    0.048
0.08                                    0.048
0.09                                    0.048
0.1                                     0.048
0.11                                    0.048
0.12                                    0.048
0.13                                    0.048
0.14                                    0.048
0.15                                    0.048
0.16                                    0.048
0.17                                    0.048
0.18                                    0.048
0.19                                    0.048
0.2                                     0.048
0.21                                    0.048
0.22                                    0.048
0.23                                    0.048
0.24                                    0.048
0.25                                    0.048
0.26                                    0.048
0.27                                    0.048
0.28                                    0.048
0.29                                    0.0979282
0.3                                     0.1165913
0.31                                    0.1323506
0.32                                    0.1432942
0.33                                    0.149903
0.34                                    0.1574951
0.35                                    0.1766579
0.36                                    0.1825419
0.37                                    0.1936396
0.38                                    0.2039245
0.39                                    0.2157668
0.4                                     0.2223865
0.41                                    0.2457837
0.42                                    0.2457838
0.43                                    0.2600592
0.44                                    0.2763881
0.45                                    0.2887943
0.46                                    0.3063208
0.47                                    0.3181076
0.48                                    0.322578
0.49                                    0.3451999
0.5                                     0.3640885
0.51                                    0.3782691
0.52                                    0.3941151
0.53                                    0.412744
0.54                                    0.4354583
0.55                                    0.4617923
0.56                                    0.4723489
0.57                                    0.4856221
0.58                                    0.5090953
0.59                                    0.5266052
0.6                                     0.5454801
0.61                                    0.5692304
0.62                                    0.5864487
0.63                                    0.6076342
0.64                                    0.62999
0.65                                    0.6517372
0.66                                    0.670665
0.67                                    0.691123
0.68                                    0.7098857
0.69                                    0.730135
0.7                                     0.752298
0.71                                    0.7747509
0.72                                    0.8000682
0.73                                    0.8266401
0.74                                    0.8555751
0.75                                    0.8819453
0.76                                    0.913655
0.77                                    0.9398276
0.78                                    0.979499
0.79                                    1.0118229
0.8                                     1.0499077
0.81                                    1.0912184
0.82                                    1.1308144
0.83                                    1.1803405
0.84                                    1.2311289
0.85                                    1.2841843
0.86                                    1.3426408
0.87                                    1.3930764
0.88                                    1.4586167
0.89                                    1.5194715
0.9                                     1.5961939
0.91                                    1.6852378
0.92                                    1.7753569
0.93                                    1.8959482
0.94                                    2.0264475
0.95                                    2.1899683
0.96                                    2.4363301
0.97                                    2.6419241
0.98                                    3.0575976
0.99                                    3.8119793
1.0                                     11.0220089


# Coordination Number Distribution
--------------------------------------------------
Cumulative probability                  Value
--------------------------------------------------
0.01                                    0.0
0.02                                    1.0
0.03                                    1.0
0.04                                    1.0
0.05                                    1.0
0.06                                    1.0
0.07                                    2.0
0.08                                    2.0
0.09                                    2.0
0.1                                     2.0
0.11                                    2.0
0.12                                    2.0
0.13                                    2.0
0.14                                    2.0
0.15                                    2.0
0.16                                    2.0
0.17                                    2.0
0.18                                    2.0
0.19                                    2.0
0.2                                     3.0
0.21                                    3.0
0.22                                    3.0
0.23                                    3.0
0.24                                    3.0
0.25                                    3.0
0.26                                    3.0
0.27                                    3.0
0.28                                    3.0
0.29                                    3.0
0.3                                     3.0
0.31                                    3.0
0.32                                    3.0
0.33                                    3.0
0.34                                    3.0
0.35                                    3.0
0.36                                    4.0
0.37                                    4.0
0.38                                    4.0
0.39                                    4.0
0.4                                     4.0
0.41                                    4.0
0.42                                    4.0
0.43                                    4.0
0.44                                    4.0
0.45                                    4.0
0.46                                    4.0
0.47                                    4.0
0.48                                    4.0
0.49                                    4.0
0.5                                     4.0
0.51                                    4.0
0.52                                    4.0
0.53                                    5.0
0.54                                    5.0
0.55                                    5.0
0.56                                    5.0
0.57                                    5.0
0.58                                    5.0
0.59                                    5.0
0.6                                     5.0
0.61                                    5.0
0.62                                    5.0
0.63                                    5.0
0.64                                    5.0
0.65                                    5.0
0.66                                    5.0
0.67                                    5.0
0.68                                    5.0
0.69                                    6.0
0.7                                     6.0
0.71                                    6.0
0.72                                    6.0
0.73                                    6.0
0.74                                    6.0
0.75                                    6.0
0.76                                    6.0
0.77                                    6.0
0.78                                    6.0
0.79                                    6.0
0.8                                     7.0
0.81                                    7.0
0.82                                    7.0
0.83                                    7.0
0.84                                    7.0
0.85                                    7.0
0.86                                    7.0
0.87                                    8.0
0.88                                    8.0
0.89                                    8.0
0.9                                     8.0
0.91                                    8.0
0.92                                    9.0
0.93                                    9.0
0.94                                    9.0
0.95                                    10.0
0.96                                    10.0
0.97                                    11.0
0.98                                    12.0
0.99                                    13.0
1.0                                     20.0


# Pore Sphericity Distribution (ratio)
--------------------------------------------------
Cumulative probability                  Value
--------------------------------------------------
0.01                                    0.5016106
0.02                                    0.522939
0.03                                    0.5356673
0.04                                    0.5458442
0.05                                    0.5526771
0.06                                    0.5600051
0.07                                    0.5664905
0.08                                    0.5728866
0.09                                    0.5791
0.1                                     0.5838948
0.11                                    0.5879757
0.12                                    0.5933298
0.13                                    0.5976262
0.14                                    0.6021438
0.15                                    0.6064167
0.16                                    0.609723
0.17                                    0.6128686
0.18                                    0.6156993
0.19                                    0.6188324
0.2                                     0.6225822
0.21                                    0.6254857
0.22                                    0.6282922
0.23                                    0.6311545
0.24                                    0.6337071
0.25                                    0.6360014
0.26                                    0.6385228
0.27                                    0.6416531
0.28                                    0.6447301
0.29                                    0.6478082
0.3                                     0.6501828
0.31                                    0.6525102
0.32                                    0.6550274
0.33                                    0.6570619
0.34                                    0.6600571
0.35                                    0.6627678
0.36                                    0.664642
0.37                                    0.666531
0.38                                    0.6690824
0.39                                    0.6715253
0.4                                     0.6740438
0.41                                    0.6765978
0.42                                    0.6788817
0.43                                    0.6820109
0.44                                    0.6846749
0.45                                    0.6880526
0.46                                    0.6904531
0.47                                    0.6930275
0.48                                    0.6951762
0.49                                    0.6974939
0.5                                     0.7000288
0.51                                    0.7018919
0.52                                    0.704486
0.53                                    0.7066166
0.54                                    0.7082547
0.55                                    0.7103221
0.56                                    0.7131316
0.57                                    0.7152867
0.58                                    0.7185375
0.59                                    0.7208011
0.6                                     0.7239299
0.61                                    0.7260406
0.62                                    0.7285389
0.63                                    0.7303988
0.64                                    0.733061
0.65                                    0.7354877
0.66                                    0.7379125
0.67                                    0.7403955
0.68                                    0.7427855
0.69                                    0.7458051
0.7                                     0.7484545
0.71                                    0.7508821
0.72                                    0.7538131
0.73                                    0.7565868
0.74                                    0.7598482
0.75                                    0.7631932
0.76                                    0.7670583
0.77                                    0.7700598
0.78                                    0.7730143
0.79                                    0.7758067
0.8                                     0.7785932
0.81                                    0.7811773
0.82                                    0.7834078
0.83                                    0.7874607
0.84                                    0.7911775
0.85                                    0.7956828
0.86                                    0.7985443
0.87                                    0.8025734
0.88                                    0.8077767
0.89                                    0.8116273
0.9                                     0.8168513
0.91                                    0.8228514
0.92                                    0.8291435
0.93                                    0.8351891
0.94                                    0.8425668
0.95                                    0.8497775
0.96                                    0.8560746
0.97                                    0.8665644
0.98                                    0.8790265
0.99                                    0.8986105
1.0                                     0.9514992


# Grain Sphericity Distribution (ratio)
--------------------------------------------------
Cumulative probability                  Value
--------------------------------------------------
0.01                                    0.6044251
0.02                                    0.638858
0.03                                    0.6551136
0.04                                    0.6707903
0.05                                    0.6830261
0.06                                    0.6934505
0.07                                    0.7021286
0.08                                    0.711787
0.09                                    0.719218
0.1                                     0.7268442
0.11                                    0.7335033
0.12                                    0.7378238
0.13                                    0.7433006
0.14                                    0.7490023
0.15                                    0.7530347
0.16                                    0.7578925
0.17                                    0.7630528
0.18                                    0.7662318
0.19                                    0.770353
0.2                                     0.773875
0.21                                    0.7778571
0.22                                    0.7805997
0.23                                    0.784191
0.24                                    0.787291
0.25                                    0.7902442
0.26                                    0.79353
0.27                                    0.7956578
0.28                                    0.7990886
0.29                                    0.8013035
0.3                                     0.8043729
0.31                                    0.8073818
0.32                                    0.8101639
0.33                                    0.8124045
0.34                                    0.8146389
0.35                                    0.8173012
0.36                                    0.8196113
0.37                                    0.8224236
0.38                                    0.8244688
0.39                                    0.8263292
0.4                                     0.8284966
0.41                                    0.8305788
0.42                                    0.8321064
0.43                                    0.8343731
0.44                                    0.8357482
0.45                                    0.8371255
0.46                                    0.8391715
0.47                                    0.8415371
0.48                                    0.8430592
0.49                                    0.8447557
0.5                                     0.8464347
0.51                                    0.8487186
0.52                                    0.8510739
0.53                                    0.8535285
0.54                                    0.8555644
0.55                                    0.8572325
0.56                                    0.8591928
0.57                                    0.8608011
0.58                                    0.8623082
0.59                                    0.8641816
0.6                                     0.8662664
0.61                                    0.8681405
0.62                                    0.8700662
0.63                                    0.8720878
0.64                                    0.8743544
0.65                                    0.8757621
0.66                                    0.8777403
0.67                                    0.8803015
0.68                                    0.881704
0.69                                    0.8836923
0.7                                     0.8857195
0.71                                    0.8875136
0.72                                    0.8895959
0.73                                    0.891234
0.74                                    0.8926244
0.75                                    0.8946639
0.76                                    0.8966808
0.77                                    0.8987136
0.78                                    0.900584
0.79                                    0.9024522
0.8                                     0.9040111
0.81                                    0.9059453
0.82                                    0.9081467
0.83                                    0.9104127
0.84                                    0.9126718
0.85                                    0.915625
0.86                                    0.9183987
0.87                                    0.9203959
0.88                                    0.9237967
0.89                                    0.9262959
0.9                                     0.9294375
0.91                                    0.9335985
0.92                                    0.9368303
0.93                                    0.9403308
0.94                                    0.9449536
0.95                                    0.9487861
0.96                                    0.9541612
0.97                                    0.9599531
0.98                                    0.9664271
0.99                                    0.9789863
1.0                                     0.999727


# Grain Radius Distribution (px)
--------------------------------------------------
Cumulative probability                  Value
--------------------------------------------------
0.01                                    2.6951013
0.02                                    3.2665408
0.03                                    3.515558
0.04                                    3.669672
0.05                                    3.8658257
0.06                                    4.0243092
0.07                                    4.1666274
0.08                                    4.3127098
0.09                                    4.4454908
0.1                                     4.5478125
0.11                                    4.6640882
0.12                                    4.7502804
0.13                                    4.8906789
0.14                                    4.991714
0.15                                    5.0888166
0.16                                    5.1645093
0.17                                    5.2811947
0.18                                    5.3682013
0.19                                    5.4578238
0.2                                     5.55235
0.21                                    5.6362581
0.22                                    5.7177396
0.23                                    5.8111362
0.24                                    5.9175739
0.25                                    5.9916358
0.26                                    6.0962
0.27                                    6.1931486
0.28                                    6.2931867
0.29                                    6.3842902
0.3                                     6.4728656
0.31                                    6.5609298
0.32                                    6.6700258
0.33                                    6.746069
0.34                                    6.8153
0.35                                    6.8932152
0.36                                    6.9562764
0.37                                    7.0214443
0.38                                    7.1154146
0.39                                    7.2207289
0.4                                     7.2932582
0.41                                    7.3687725
0.42                                    7.4556761
0.43                                    7.5237684
0.44                                    7.5837379
0.45                                    7.6672177
0.46                                    7.7383013
0.47                                    7.8237348
0.48                                    7.9124289
0.49                                    7.9842267
0.5                                     8.0461607
0.51                                    8.1276865
0.52                                    8.2040634
0.53                                    8.2929525
0.54                                    8.3595285
0.55                                    8.4273024
0.56                                    8.5050182
0.57                                    8.6028986
0.58                                    8.6573896
0.59                                    8.7467117
0.6                                     8.8403606
0.61                                    8.9160776
0.62                                    8.990531
0.63                                    9.0637712
0.64                                    9.1615162
0.65                                    9.2442007
0.66                                    9.3564415
0.67                                    9.4366541
0.68                                    9.5225506
0.69                                    9.6155405
0.7                                     9.7101421
0.71                                    9.8037634
0.72                                    9.9029388
0.73                                    10.022398
0.74                                    10.125123
0.75                                    10.2219982
0.76                                    10.3506041
0.77                                    10.4941874
0.78                                    10.5901346
0.79                                    10.7343311
0.8                                     10.8787899
0.81                                    11.0384836
0.82                                    11.1573668
0.83                                    11.2681313
0.84                                    11.3976259
0.85                                    11.5684128
0.86                                    11.6966152
0.87                                    11.8798609
0.88                                    12.0554314
0.89                                    12.2276287
0.9                                     12.4687376
0.91                                    12.6578007
0.92                                    12.888978
0.93                                    13.1149235
0.94                                    13.3458624
0.95                                    13.5859089
0.96                                    13.9351282
0.97                                    14.4127836
0.98                                    14.8672009
0.99                                    15.9117661
1.0                                     24.4452744
